50 227170 4543.4 304 747.269737 0.003551 No No Yes 1 0K 1151 1107 224912 0.993969 3405.254749
60 188167 3136.12 304 618.970395 0.003041 No No Yes 1 0K 961 930 186276 1.004958 2559.520802
60 213561 3559.35 305 700.200000 0.003999 No No Yes 1 0K 1099 1050 211412 1.006270 3816.497228
50 279131 5582.62 304 918.194079 0.005061 No No Yes 1 0K 1408 1379 276344 0.998456 4927.905419
40 242696 6067.4 303 800.976898 0.002846 No No Yes 1 0K 1232 1206 240258 1.004549 2724.846715
46 238682 5188.74 303 787.729373 0.002774 No No Yes 1 0K 1210 1180 236292 1.001332 2652.801271
60 234973 3916.22 303 775.488449 0.004246 No No Yes 1 0K 1193 1146 232634 0.995434 4070.660583
50 175398 3507.96 185 948.097297 0.004244 No No Yes 1 0K 898 854 173646 0.998871 4061.306273
50 232267 4645.34 303 766.557756 0.003107 No No Yes 1 0K 1173 1152 229942 1.001003 2766.576628
50 164591 3291.82 184 894.516304 0.003455 No No Yes 1 0K 828 803 162960 0.990941 3299.516157
50 182197 3643.94 185 984.848649 0.006065 No No Yes 1 0K 928 885 180384 0.995077 5888.082596
50 153040 3060.8 184 831.739130 0.003943 No No Yes 1 0K 776 740 151524 0.990591 3743.979244
60 188802 3146.7 185 1020.551351 0.006987 No No Yes 1 0K 959 917 186926 0.993634 6799.043199
